RNN:[0.5, 0.50204000000000004, 0.52139999999999997, 0.52107999999999999, 0.52595999999999998, 0.58796000000000004, 0.76692000000000005, 0.80867999999999995, 0.8216, 0.84711999999999998, 0.86319999999999997, 0.84743999999999997, 0.86439999999999995, 0.85687999999999998, 0.85811999999999999, 0.85211999999999999, 0.84855999999999998, 0.85004000000000002, 0.84663999999999995, 0.83355999999999997, 0.84019999999999995, 0.84260000000000002, 0.84208000000000005, 0.83896000000000004, 0.84104000000000001, 0.83511999999999997, 0.83919999999999995, 0.84255999999999998, 0.83928000000000003, 0.83840000000000003]
LSTM:[0.77688000000000001, 0.84792000000000001, 0.86316000000000004, 0.86936000000000002, 0.8286, 0.83835999999999999, 0.79979999999999996, 0.86175999999999997, 0.87239999999999995, 0.87312000000000001, 0.83199999999999996, 0.86399999999999999, 0.86368, 0.86192000000000002, 0.86804000000000003, 0.86924000000000001, 0.84743999999999997, 0.83616000000000001, 0.86763999999999997, 0.81532000000000004, 0.87507999999999997, 0.86636000000000002, 0.85360000000000003, 0.85951999999999995, 0.87007999999999996, 0.86636000000000002, 0.81879999999999997, 0.86831999999999998, 0.84296000000000004, 0.83272000000000002]
GRU:[0.53512000000000004, 0.50727999999999995, 0.58872000000000002, 0.58567999999999998, 0.68388000000000004, 0.86331999999999998, 0.88268000000000002, 0.88016000000000005, 0.88812000000000002, 0.87848000000000004, 0.86219999999999997, 0.88331999999999999, 0.87695999999999996, 0.87563999999999997, 0.86092000000000002, 0.86495999999999995, 0.87195999999999996, 0.87287999999999999, 0.86987999999999999, 0.86824000000000001, 0.86443999999999999, 0.86504000000000003, 0.86768000000000001, 0.86395999999999995, 0.86343999999999999, 0.86907999999999996, 0.86143999999999998, 0.86607999999999996, 0.86475999999999997, 0.86707999999999996]


